"Year","RM","Sum_days_rm_dry"
2003,54,0
2003,55,0
2003,56,0
2003,57,4
2003,58,4
2003,59,4
2003,60,4
2003,61,4
2003,62,2
2003,63,2
2003,64,2
2003,65,2
2003,66,2
2003,67,2
2003,68,2
2003,69,1
2003,70,1
2003,71,1
2003,72,0
2003,73,0
2003,74,6
2003,75,6
2003,76,6
2003,77,6
2003,78,6
2003,79,6
2003,80,6
2003,81,6
2003,82,6
2003,83,6
2003,84,6
2003,85,6
2003,86,6
2003,87,6
2003,88,5
2003,89,5
2003,90,5
2003,91,5
2003,92,5
2003,93,4
2003,94,4
2003,95,2
2003,96,2
2003,97,2
2003,98,1
2003,99,1
2003,100,1
2003,101,1
2003,102,1
2003,103,1
2003,104,1
2003,105,1
2003,106,1
2003,107,1
2003,108,0
2003,109,0
2003,110,0
2003,111,0
2003,112,0
2003,113,0
2003,114,0
2003,115,0
2003,116,2
2003,117,2
2003,118,2
2003,119,1
2003,120,1
2003,121,1
2003,122,1
2003,123,1
2003,124,1
2003,125,1
2003,126,1
2003,127,1
2003,128,0
2003,129,0
2003,130,0
2003,131,0
2003,132,0
2003,133,0
2003,134,0
2003,135,0
2003,136,0
2003,137,0
2003,138,0
2003,139,0
2003,140,0
2003,141,0
2003,142,0
2003,143,0
2003,144,0
2003,145,0
2003,146,0
2003,147,0
2003,148,0
2003,149,0
2003,150,0
2003,151,0
2003,152,0
2003,153,0
2003,154,0
2003,155,0
2003,156,0
2003,157,0
2003,158,0
2003,159,0
2003,160,0
2003,161,0
2003,162,0
2003,163,0
2003,164,0
2003,165,0
2003,166,0
2003,167,0
2004,54,0
2004,55,0
2004,56,0
2004,57,0
2004,58,0
2004,59,0
2004,60,0
2004,61,0
2004,62,0
2004,63,0
2004,64,0
2004,65,0
2004,66,0
2004,67,0
2004,68,0
2004,69,0
2004,70,0
2004,71,0
2004,72,0
2004,73,0
2004,74,57
2004,75,57
2004,76,56
2004,77,56
2004,78,56
2004,79,56
2004,80,56
2004,81,55
2004,82,54
2004,83,54
2004,84,53
2004,85,52
2004,86,52
2004,87,52
2004,88,51
2004,89,50
2004,90,49
2004,91,46
2004,92,46
2004,93,45
2004,94,44
2004,95,41
2004,96,40
2004,97,39
2004,98,38
2004,99,37
2004,100,29
2004,101,28
2004,102,28
2004,103,28
2004,104,28
2004,105,25
2004,106,24
2004,107,23
2004,108,21
2004,109,15
2004,110,5
2004,111,2
2004,112,2
2004,113,2
2004,114,2
2004,115,2
2004,116,3
2004,117,1
2004,118,1
2004,119,1
2004,120,1
2004,121,1
2004,122,1
2004,123,1
2004,124,1
2004,125,1
2004,126,1
2004,127,1
2004,128,0
2004,129,0
2004,130,0
2004,131,0
2004,132,9
2004,133,9
2004,134,9
2004,135,8
2004,136,3
2004,137,2
2004,138,1
2004,139,1
2004,140,1
2004,141,0
2004,142,0
2004,143,0
2004,144,0
2004,145,0
2004,146,0
2004,147,0
2004,148,0
2004,149,0
2004,150,0
2004,151,0
2004,152,38
2004,153,38
2004,154,38
2004,155,35
2004,156,30
2004,157,29
2004,158,29
2004,159,29
2004,160,28
2004,161,27
2004,162,27
2004,163,24
2004,164,19
2004,165,5
2004,166,5
2004,167,3
2005,54,0
2005,55,0
2005,56,0
2005,57,14
2005,58,14
2005,59,13
2005,60,13
2005,61,13
2005,62,13
2005,63,13
2005,64,13
2005,65,11
2005,66,10
2005,67,10
2005,68,9
2005,69,8
2005,70,7
2005,71,7
2005,72,7
2005,73,1
2005,74,41
2005,75,41
2005,76,40
2005,77,39
2005,78,37
2005,79,37
2005,80,37
2005,81,36
2005,82,32
2005,83,30
2005,84,28
2005,85,24
2005,86,22
2005,87,21
2005,88,21
2005,89,21
2005,90,21
2005,91,17
2005,92,11
2005,93,6
2005,94,5
2005,95,1
2005,96,0
2005,97,0
2005,98,0
2005,99,0
2005,100,0
2005,101,0
2005,102,0
2005,103,0
2005,104,0
2005,105,0
2005,106,0
2005,107,0
2005,108,0
2005,109,0
2005,110,0
2005,111,0
2005,112,0
2005,113,0
2005,114,0
2005,115,0
2005,116,0
2005,117,0
2005,118,0
2005,119,0
2005,120,0
2005,121,0
2005,122,0
2005,123,0
2005,124,0
2005,125,0
2005,126,0
2005,127,0
2005,128,0
2005,129,0
2005,130,0
2005,131,0
2005,132,0
2005,133,0
2005,134,0
2005,135,0
2005,136,0
2005,137,0
2005,138,0
2005,139,0
2005,140,0
2005,141,0
2005,142,0
2005,143,0
2005,144,0
2005,145,0
2005,146,0
2005,147,0
2005,148,0
2005,149,0
2005,150,0
2005,151,0
2005,152,3
2005,153,2
2005,154,2
2005,155,2
2005,156,0
2005,157,0
2005,158,0
2005,159,0
2005,160,0
2005,161,0
2005,162,0
2005,163,0
2005,164,0
2005,165,0
2005,166,0
2005,167,0
2006,54,0
2006,55,0
2006,56,0
2006,57,0
2006,58,0
2006,59,0
2006,60,0
2006,61,0
2006,62,0
2006,63,0
2006,64,0
2006,65,0
2006,66,0
2006,67,0
2006,68,0
2006,69,0
2006,70,0
2006,71,0
2006,72,0
2006,73,0
2006,74,40
2006,75,36
2006,76,34
2006,77,32
2006,78,31
2006,79,28
2006,80,28
2006,81,24
2006,82,19
2006,83,18
2006,84,15
2006,85,12
2006,86,11
2006,87,9
2006,88,8
2006,89,4
2006,90,2
2006,91,1
2006,92,1
2006,93,0
2006,94,0
2006,95,0
2006,96,0
2006,97,0
2006,98,0
2006,99,0
2006,100,0
2006,101,0
2006,102,0
2006,103,0
2006,104,0
2006,105,0
2006,106,0
2006,107,0
2006,108,0
2006,109,0
2006,110,0
2006,111,0
2006,112,0
2006,113,0
2006,114,0
2006,115,0
2006,116,0
2006,117,0
2006,118,0
2006,119,0
2006,120,0
2006,121,0
2006,122,0
2006,123,0
2006,124,0
2006,125,0
2006,126,0
2006,127,0
2006,128,0
2006,129,0
2006,130,0
2006,131,0
2006,132,0
2006,133,0
2006,134,0
2006,135,0
2006,136,0
2006,137,0
2006,138,0
2006,139,0
2006,140,0
2006,141,0
2006,142,0
2006,143,0
2006,144,0
2006,145,0
2006,146,0
2006,147,0
2006,148,0
2006,149,0
2006,150,0
2006,151,0
2006,152,7
2006,153,7
2006,154,7
2006,155,3
2006,156,3
2006,157,1
2006,158,1
2006,159,1
2006,160,0
2006,161,0
2006,162,0
2006,163,0
2006,164,0
2006,165,0
2006,166,0
2006,167,0
2007,54,0
2007,55,0
2007,56,0
2007,57,0
2007,58,0
2007,59,0
2007,60,0
2007,61,0
2007,62,0
2007,63,0
2007,64,0
2007,65,0
2007,66,0
2007,67,0
2007,68,0
2007,69,0
2007,70,0
2007,71,0
2007,72,0
2007,73,0
2007,74,32
2007,75,31
2007,76,33
2007,77,31
2007,78,31
2007,79,29
2007,80,29
2007,81,28
2007,82,27
2007,83,24
2007,84,25
2007,85,22
2007,86,20
2007,87,19
2007,88,19
2007,89,17
2007,90,15
2007,91,9
2007,92,6
2007,93,5
2007,94,4
2007,95,4
2007,96,3
2007,97,1
2007,98,1
2007,99,0
2007,100,0
2007,101,0
2007,102,0
2007,103,0
2007,104,0
2007,105,0
2007,106,0
2007,107,0
2007,108,0
2007,109,0
2007,110,0
2007,111,0
2007,112,0
2007,113,0
2007,114,0
2007,115,0
2007,116,0
2007,117,0
2007,118,0
2007,119,0
2007,120,0
2007,121,0
2007,122,0
2007,123,0
2007,124,0
2007,125,0
2007,126,0
2007,127,0
2007,128,0
2007,129,0
2007,130,0
2007,131,0
2007,132,0
2007,133,0
2007,134,0
2007,135,0
2007,136,0
2007,137,0
2007,138,0
2007,139,0
2007,140,0
2007,141,0
2007,142,0
2007,143,0
2007,144,0
2007,145,0
2007,146,0
2007,147,0
2007,148,0
2007,149,0
2007,150,0
2007,151,0
2007,152,64
2007,153,49
2007,154,46
2007,155,44
2007,156,31
2007,157,30
2007,158,27
2007,159,19
2007,160,10
2007,161,5
2007,162,0
2007,163,0
2007,164,0
2007,165,0
2007,166,0
2007,167,0
2008,54,0
2008,55,0
2008,56,0
2008,57,0
2008,58,0
2008,59,0
2008,60,0
2008,61,0
2008,62,0
2008,63,0
2008,64,0
2008,65,0
2008,66,0
2008,67,0
2008,68,0
2008,69,0
2008,70,0
2008,71,0
2008,72,0
2008,73,0
2008,74,0
2008,75,0
2008,76,0
2008,77,0
2008,78,0
2008,79,0
2008,80,0
2008,81,0
2008,82,0
2008,83,0
2008,84,0
2008,85,0
2008,86,0
2008,87,0
2008,88,0
2008,89,0
2008,90,0
2008,91,0
2008,92,0
2008,93,0
2008,94,0
2008,95,0
2008,96,0
2008,97,0
2008,98,0
2008,99,0
2008,100,0
2008,101,0
2008,102,0
2008,103,0
2008,104,0
2008,105,0
2008,106,0
2008,107,0
2008,108,0
2008,109,0
2008,110,0
2008,111,0
2008,112,0
2008,113,0
2008,114,0
2008,115,0
2008,116,0
2008,117,0
2008,118,0
2008,119,0
2008,120,0
2008,121,0
2008,122,0
2008,123,0
2008,124,0
2008,125,0
2008,126,0
2008,127,0
2008,128,0
2008,129,0
2008,130,1
2008,131,1
2008,132,1
2008,133,1
2008,134,1
2008,135,0
2008,136,0
2008,137,0
2008,138,0
2008,139,0
2008,140,0
2008,141,0
2008,142,0
2008,143,0
2008,144,0
2008,145,0
2008,146,0
2008,147,0
2008,148,0
2008,149,3
2008,150,1
2008,151,1
2008,152,1
2008,153,0
2008,154,0
2008,155,0
2008,156,0
2008,157,0
2008,158,0
2008,159,0
2008,160,0
2008,161,0
2008,162,0
2008,163,0
2008,164,0
2008,165,0
2008,166,0
2008,167,0
2009,54,0
2009,55,0
2009,56,0
2009,57,0
2009,58,0
2009,59,0
2009,60,0
2009,61,0
2009,62,0
2009,63,0
2009,64,0
2009,65,0
2009,66,0
2009,67,0
2009,68,0
2009,69,0
2009,70,0
2009,71,0
2009,72,0
2009,73,0
2009,74,42
2009,75,40
2009,76,39
2009,77,38
2009,78,33
2009,79,28
2009,80,23
2009,81,18
2009,82,12
2009,83,4
2009,84,3
2009,85,7
2009,86,6
2009,87,5
2009,88,5
2009,89,5
2009,90,5
2009,91,3
2009,92,1
2009,93,0
2009,94,0
2009,95,0
2009,96,0
2009,97,0
2009,98,0
2009,99,0
2009,100,0
2009,101,0
2009,102,0
2009,103,0
2009,104,0
2009,105,0
2009,106,0
2009,107,0
2009,108,0
2009,109,0
2009,110,0
2009,111,0
2009,112,0
2009,113,0
2009,114,0
2009,115,0
2009,116,0
2009,117,0
2009,118,0
2009,119,0
2009,120,0
2009,121,0
2009,122,0
2009,123,0
2009,124,0
2009,125,0
2009,126,0
2009,127,0
2009,128,0
2009,129,0
2009,130,0
2009,131,0
2009,132,0
2009,133,0
2009,134,0
2009,135,0
2009,136,0
2009,137,0
2009,138,0
2009,139,0
2009,140,0
2009,141,0
2009,142,0
2009,143,0
2009,144,0
2009,145,0
2009,146,0
2009,147,0
2009,148,0
2009,149,0
2009,150,0
2009,151,0
2009,152,0
2009,153,0
2009,154,0
2009,155,0
2009,156,0
2009,157,0
2009,158,0
2009,159,0
2009,160,0
2009,161,0
2009,162,0
2009,163,0
2009,164,0
2009,165,0
2009,166,0
2009,167,0
2010,54,0
2010,55,0
2010,56,0
2010,57,0
2010,58,0
2010,59,0
2010,60,0
2010,61,0
2010,62,0
2010,63,0
2010,64,0
2010,65,0
2010,66,0
2010,67,0
2010,68,0
2010,69,0
2010,70,0
2010,71,0
2010,72,0
2010,73,0
2010,74,59
2010,75,57
2010,76,57
2010,77,56
2010,78,55
2010,79,54
2010,80,50
2010,81,50
2010,82,44
2010,83,44
2010,84,41
2010,85,38
2010,86,36
2010,87,30
2010,88,30
2010,89,26
2010,90,18
2010,91,9
2010,92,3
2010,93,3
2010,94,2
2010,95,0
2010,96,0
2010,97,0
2010,98,0
2010,99,0
2010,100,0
2010,101,0
2010,102,0
2010,103,0
2010,104,0
2010,105,0
2010,106,0
2010,107,0
2010,108,0
2010,109,0
2010,110,0
2010,111,0
2010,112,0
2010,113,0
2010,114,0
2010,115,0
2010,116,0
2010,117,0
2010,118,0
2010,119,0
2010,120,0
2010,121,0
2010,122,0
2010,123,0
2010,124,0
2010,125,0
2010,126,0
2010,127,0
2010,128,0
2010,129,0
2010,130,0
2010,131,0
2010,132,0
2010,133,0
2010,134,0
2010,135,0
2010,136,0
2010,137,0
2010,138,0
2010,139,0
2010,140,0
2010,141,0
2010,142,0
2010,143,0
2010,144,0
2010,145,0
2010,146,0
2010,147,0
2010,148,0
2010,149,0
2010,150,0
2010,151,0
2010,152,42
2010,153,45
2010,154,46
2010,155,46
2010,156,38
2010,157,33
2010,158,29
2010,159,21
2010,160,12
2010,161,7
2010,162,0
2010,163,0
2010,164,0
2010,165,0
2010,166,0
2010,167,0
2011,54,0
2011,55,0
2011,56,0
2011,57,0
2011,58,0
2011,59,0
2011,60,0
2011,61,0
2011,62,0
2011,63,0
2011,64,0
2011,65,0
2011,66,0
2011,67,0
2011,68,0
2011,69,0
2011,70,0
2011,71,0
2011,72,0
2011,73,0
2011,74,64
2011,75,63
2011,76,62
2011,77,63
2011,78,63
2011,79,62
2011,80,58
2011,81,58
2011,82,57
2011,83,56
2011,84,54
2011,85,49
2011,86,49
2011,87,47
2011,88,43
2011,89,43
2011,90,42
2011,91,42
2011,92,42
2011,93,40
2011,94,38
2011,95,32
2011,96,30
2011,97,29
2011,98,28
2011,99,21
2011,100,5
2011,101,2
2011,102,0
2011,103,0
2011,104,0
2011,105,0
2011,106,0
2011,107,0
2011,108,0
2011,109,0
2011,110,0
2011,111,0
2011,112,0
2011,113,0
2011,114,0
2011,115,0
2011,116,0
2011,117,0
2011,118,0
2011,119,0
2011,120,0
2011,121,0
2011,122,0
2011,123,0
2011,124,0
2011,125,0
2011,126,0
2011,127,0
2011,128,0
2011,129,0
2011,130,0
2011,131,0
2011,132,0
2011,133,0
2011,134,0
2011,135,0
2011,136,0
2011,137,0
2011,138,0
2011,139,0
2011,140,0
2011,141,0
2011,142,0
2011,143,0
2011,144,0
2011,145,0
2011,146,0
2011,147,0
2011,148,0
2011,149,0
2011,150,0
2011,151,0
2011,152,75
2011,153,74
2011,154,73
2011,155,63
2011,156,57
2011,157,53
2011,158,49
2011,159,45
2011,160,39
2011,161,37
2011,162,33
2011,163,22
2011,164,7
2011,165,5
2011,166,0
2011,167,0
2012,54,0
2012,55,0
2012,56,0
2012,57,0
2012,58,0
2012,59,0
2012,60,0
2012,61,0
2012,62,0
2012,63,0
2012,64,0
2012,65,0
2012,66,0
2012,67,0
2012,68,0
2012,69,0
2012,70,0
2012,71,0
2012,72,0
2012,73,0
2012,74,117
2012,75,116
2012,76,116
2012,77,116
2012,78,114
2012,79,114
2012,80,114
2012,81,114
2012,82,110
2012,83,110
2012,84,109
2012,85,107
2012,86,106
2012,87,104
2012,88,94
2012,89,93
2012,90,91
2012,91,88
2012,92,82
2012,93,78
2012,94,76
2012,95,72
2012,96,72
2012,97,64
2012,98,62
2012,99,53
2012,100,45
2012,101,25
2012,102,21
2012,103,19
2012,104,17
2012,105,10
2012,106,0
2012,107,0
2012,108,0
2012,109,0
2012,110,0
2012,111,0
2012,112,0
2012,113,0
2012,114,0
2012,115,0
2012,116,0
2012,117,0
2012,118,0
2012,119,0
2012,120,0
2012,121,0
2012,122,0
2012,123,0
2012,124,0
2012,125,0
2012,126,0
2012,127,0
2012,128,0
2012,129,0
2012,130,0
2012,131,0
2012,132,32
2012,133,89
2012,134,89
2012,135,85
2012,136,77
2012,137,62
2012,138,22
2012,139,0
2012,140,0
2012,141,0
2012,142,0
2012,143,0
2012,144,0
2012,145,0
2012,146,0
2012,147,0
2012,148,0
2012,149,0
2012,150,0
2012,151,70
2012,152,105
2012,153,108
2012,154,105
2012,155,104
2012,156,103
2012,157,102
2012,158,101
2012,159,98
2012,160,97
2012,161,97
2012,162,95
2012,163,89
2012,164,77
2012,165,46
2012,166,29
2012,167,25
2013,54,0
2013,55,0
2013,56,0
2013,57,0
2013,58,0
2013,59,0
2013,60,0
2013,61,0
2013,62,0
2013,63,0
2013,64,0
2013,65,0
2013,66,0
2013,67,0
2013,68,0
2013,69,0
2013,70,0
2013,71,0
2013,72,0
2013,73,0
2013,74,52
2013,75,52
2013,76,52
2013,77,52
2013,78,51
2013,79,50
2013,80,50
2013,81,50
2013,82,49
2013,83,49
2013,84,46
2013,85,43
2013,86,41
2013,87,39
2013,88,36
2013,89,34
2013,90,31
2013,91,30
2013,92,28
2013,93,27
2013,94,24
2013,95,18
2013,96,17
2013,97,15
2013,98,9
2013,99,2
2013,100,0
2013,101,0
2013,102,0
2013,103,0
2013,104,0
2013,105,0
2013,106,0
2013,107,0
2013,108,0
2013,109,0
2013,110,0
2013,111,0
2013,112,0
2013,113,0
2013,114,0
2013,115,0
2013,116,0
2013,117,0
2013,118,0
2013,119,0
2013,120,0
2013,121,0
2013,122,0
2013,123,0
2013,124,0
2013,125,0
2013,126,0
2013,127,0
2013,128,0
2013,129,0
2013,130,0
2013,131,0
2013,132,0
2013,133,23
2013,134,18
2013,135,12
2013,136,1
2013,137,1
2013,138,1
2013,139,1
2013,140,1
2013,141,1
2013,142,1
2013,143,1
2013,144,1
2013,145,1
2013,146,1
2013,147,1
2013,148,1
2013,149,1
2013,150,1
2013,151,7
2013,152,34
2013,153,38
2013,154,37
2013,155,35
2013,156,30
2013,157,21
2013,158,10
2013,159,0
2013,160,0
2013,161,0
2013,162,0
2013,163,0
2013,164,0
2013,165,0
2013,166,0
2013,167,0
2014,54,0
2014,55,0
2014,56,0
2014,57,0
2014,58,0
2014,59,0
2014,60,0
2014,61,0
2014,62,0
2014,63,0
2014,64,0
2014,65,0
2014,66,0
2014,67,0
2014,68,0
2014,69,0
2014,70,0
2014,71,0
2014,72,0
2014,73,0
2014,74,40
2014,75,39
2014,76,38
2014,77,35
2014,78,35
2014,79,34
2014,80,32
2014,81,30
2014,82,30
2014,83,29
2014,84,30
2014,85,28
2014,86,27
2014,87,23
2014,88,22
2014,89,19
2014,90,16
2014,91,14
2014,92,12
2014,93,11
2014,94,5
2014,95,3
2014,96,0
2014,97,0
2014,98,0
2014,99,0
2014,100,0
2014,101,0
2014,102,0
2014,103,0
2014,104,0
2014,105,0
2014,106,0
2014,107,0
2014,108,0
2014,109,0
2014,110,0
2014,111,0
2014,112,0
2014,113,0
2014,114,0
2014,115,0
2014,116,0
2014,117,0
2014,118,0
2014,119,0
2014,120,0
2014,121,0
2014,122,0
2014,123,0
2014,124,0
2014,125,0
2014,126,0
2014,127,0
2014,128,0
2014,129,0
2014,130,0
2014,131,0
2014,132,0
2014,133,0
2014,134,0
2014,135,0
2014,136,0
2014,137,0
2014,138,0
2014,139,0
2014,140,0
2014,141,0
2014,142,0
2014,143,0
2014,144,0
2014,145,0
2014,146,0
2014,147,0
2014,148,0
2014,149,0
2014,150,0
2014,151,0
2014,152,23
2014,153,23
2014,154,21
2014,155,1
2014,156,0
2014,157,0
2014,158,0
2014,159,0
2014,160,0
2014,161,0
2014,162,0
2014,163,0
2014,164,0
2014,165,0
2014,166,0
2014,167,0
2015,54,0
2015,55,0
2015,56,0
2015,57,0
2015,58,0
2015,59,0
2015,60,0
2015,61,0
2015,62,0
2015,63,0
2015,64,0
2015,65,0
2015,66,0
2015,67,0
2015,68,0
2015,69,0
2015,70,0
2015,71,0
2015,72,0
2015,73,0
2015,74,21
2015,75,21
2015,76,0
2015,77,0
2015,78,0
2015,79,0
2015,80,0
2015,81,0
2015,82,0
2015,83,0
2015,84,12
2015,85,12
2015,86,12
2015,87,10
2015,88,9
2015,89,9
2015,90,8
2015,91,6
2015,92,5
2015,93,4
2015,94,14
2015,95,1
2015,96,0
2015,97,0
2015,98,0
2015,99,0
2015,100,0
2015,101,0
2015,102,0
2015,103,0
2015,104,0
2015,105,0
2015,106,0
2015,107,0
2015,108,0
2015,109,0
2015,110,0
2015,111,0
2015,112,0
2015,113,0
2015,114,0
2015,115,0
2015,116,0
2015,117,0
2015,118,0
2015,119,0
2015,120,0
2015,121,0
2015,122,0
2015,123,0
2015,124,0
2015,125,0
2015,126,0
2015,127,0
2015,128,0
2015,129,0
2015,130,0
2015,131,0
2015,132,0
2015,133,0
2015,134,0
2015,135,0
2015,136,0
2015,137,0
2015,138,0
2015,139,0
2015,140,0
2015,141,0
2015,142,0
2015,143,0
2015,144,0
2015,145,0
2015,146,0
2015,147,0
2015,148,0
2015,149,0
2015,150,0
2015,151,0
2015,152,38
2015,153,39
2015,154,37
2015,155,36
2015,156,20
2015,157,7
2015,158,0
2015,159,0
2015,160,0
2015,161,0
2015,162,0
2015,163,0
2015,164,0
2015,165,0
2015,166,0
2015,167,0
2016,54,0
2016,55,0
2016,56,0
2016,57,0
2016,58,0
2016,59,0
2016,60,0
2016,61,0
2016,62,0
2016,63,0
2016,64,0
2016,65,0
2016,66,0
2016,67,0
2016,68,0
2016,69,0
2016,70,0
2016,71,0
2016,72,0
2016,73,0
2016,74,65
2016,75,60
2016,76,59
2016,77,57
2016,78,56
2016,79,53
2016,80,53
2016,81,46
2016,82,35
2016,83,27
2016,84,23
2016,85,21
2016,86,20
2016,87,19
2016,88,17
2016,89,16
2016,90,16
2016,91,9
2016,92,5
2016,93,1
2016,94,1
2016,95,0
2016,96,0
2016,97,0
2016,98,0
2016,99,0
2016,100,0
2016,101,0
2016,102,0
2016,103,0
2016,104,0
2016,105,0
2016,106,0
2016,107,0
2016,108,0
2016,109,0
2016,110,0
2016,111,0
2016,112,0
2016,113,0
2016,114,0
2016,115,0
2016,116,0
2016,117,0
2016,118,0
2016,119,0
2016,120,0
2016,121,0
2016,122,0
2016,123,0
2016,124,0
2016,125,0
2016,126,0
2016,127,0
2016,128,0
2016,129,0
2016,130,0
2016,131,0
2016,132,0
2016,133,0
2016,134,0
2016,135,0
2016,136,0
2016,137,0
2016,138,0
2016,139,0
2016,140,0
2016,141,0
2016,142,0
2016,143,0
2016,144,0
2016,145,0
2016,146,0
2016,147,0
2016,148,0
2016,149,0
2016,150,0
2016,151,7
2016,152,44
2016,153,53
2016,154,53
2016,155,51
2016,156,47
2016,157,41
2016,158,34
2016,159,25
2016,160,18
2016,161,11
2016,162,0
2016,163,0
2016,164,0
2016,165,0
2016,166,0
2016,167,0
2017,54,0
2017,55,0
2017,56,0
2017,57,0
2017,58,0
2017,59,0
2017,60,0
2017,61,0
2017,62,0
2017,63,0
2017,64,0
2017,65,0
2017,66,0
2017,67,0
2017,68,0
2017,69,0
2017,70,0
2017,71,0
2017,72,0
2017,73,46
2017,74,46
2017,75,46
2017,76,56
2017,77,57
2017,78,56
2017,79,59
2017,80,57
2017,81,52
2017,82,46
2017,83,42
2017,84,38
2017,85,36
2017,86,32
2017,87,29
2017,88,26
2017,89,21
2017,90,18
2017,91,18
2017,92,17
2017,93,11
2017,94,6
2017,95,2
2017,96,0
2017,97,0
2017,98,0
2017,99,0
2017,100,0
2017,101,0
2017,102,0
2017,103,0
2017,104,0
2017,105,0
2017,106,0
2017,107,0
2017,108,0
2017,109,0
2017,110,0
2017,111,0
2017,112,0
2017,113,0
2017,114,0
2017,115,0
2017,116,0
2017,117,0
2017,118,0
2017,119,0
2017,120,0
2017,121,0
2017,122,0
2017,123,0
2017,124,0
2017,125,0
2017,126,0
2017,127,0
2017,128,0
2017,129,0
2017,130,0
2017,131,0
2017,132,0
2017,133,0
2017,134,0
2017,135,0
2017,136,0
2017,137,0
2017,138,0
2017,139,0
2017,140,0
2017,141,0
2017,142,0
2017,143,0
2017,144,0
2017,145,0
2017,146,0
2017,147,0
2017,148,0
2017,149,0
2017,150,0
2017,151,0
2017,152,14
2017,153,14
2017,154,9
2017,155,0
2017,156,0
2017,157,0
2017,158,0
2017,159,0
2017,160,0
2017,161,0
2017,162,0
2017,163,0
2017,164,0
2017,165,0
2017,166,0
2017,167,0
2018,54,15
2018,55,15
2018,56,15
2018,57,2
2018,58,0
2018,59,0
2018,60,8
2018,61,3
2018,62,4
2018,63,22
2018,64,22
2018,65,20
2018,66,20
2018,67,20
2018,68,19
2018,69,17
2018,70,17
2018,71,17
2018,72,16
2018,73,64
2018,74,173
2018,75,173
2018,76,173
2018,77,174
2018,78,171
2018,79,169
2018,80,168
2018,81,166
2018,82,159
2018,83,156
2018,84,147
2018,85,135
2018,86,127
2018,87,121
2018,88,116
2018,89,107
2018,90,95
2018,91,90
2018,92,80
2018,93,63
2018,94,35
2018,95,22
2018,96,20
2018,97,6
2018,98,0
2018,99,0
2018,100,0
2018,101,0
2018,102,0
2018,103,0
2018,104,0
2018,105,0
2018,106,0
2018,107,0
2018,108,0
2018,109,0
2018,110,0
2018,111,0
2018,112,0
2018,113,0
2018,114,0
2018,115,0
2018,116,0
2018,117,0
2018,118,0
2018,119,0
2018,120,0
2018,121,0
2018,122,0
2018,123,0
2018,124,0
2018,125,0
2018,126,0
2018,127,0
2018,128,0
2018,129,0
2018,130,0
2018,131,0
2018,132,0
2018,133,2
2018,134,2
2018,135,0
2018,136,0
2018,137,0
2018,138,0
2018,139,0
2018,140,0
2018,141,0
2018,142,0
2018,143,0
2018,144,0
2018,145,0
2018,146,0
2018,147,0
2018,148,0
2018,149,0
2018,150,0
2018,151,12
2018,152,72
2018,153,71
2018,154,68
2018,155,49
2018,156,23
2018,157,14
2018,158,1
2018,159,0
2018,160,0
2018,161,0
2018,162,0
2018,163,0
2018,164,0
2018,165,0
2018,166,0
2018,167,0